2 99
3 2
3 5
3 8
3 11
3 14
3 17
3 20
3 23
3 26
3 29
3 32
3 35
3 38
3 41
3 44
3 47
3 50
3 53
3 56
3 59
3 62
3 65
3 68
3 71
3 74
3 77
3 80
3 83
3 86
3 89
3 92
3 95
3 98
4 99
5 2
5 5
5 8
5 11
5 14
5 17
5 20
5 23
5 26
5 29
5 32
5 35
5 38
5 41
5 44
5 47
5 50
5 53
5 56
5 59
5 62
5 65
5 68
5 71
5 74
5 77
5 80
5 83
5 86
5 89
5 92
5 95
5 98
6 99
7 2
7 5
7 8
7 11
7 14
7 17
7 20
7 23
7 26
7 29
7 32
7 35
7 38
7 41
7 44
7 47
7 50
7 53
7 56
7 59
7 62
7 65
7 68
7 71
7 74
7 77
7 80
7 83
7 86
7 89
7 92
7 95
7 98
8 99
9 2
9 5
9 8
9 11
9 14
9 17
9 20
9 23
9 26
9 29
9 32
9 35
9 38
9 41
9 44
9 47
9 50
9 53
9 56
9 59
9 62
9 65
9 68
9 71
9 74
9 77
9 80
9 83
9 86
9 89
9 92
9 95
9 98
10 99
11 2
11 5
11 8
11 11
11 14
11 17
11 20
11 23
11 26
11 29
11 32
11 35
11 38
11 41
11 44
11 47
11 50
11 53
11 56
11 59
11 62
11 65
11 68
11 71
11 74
11 77
11 80
11 83
11 86
11 89
11 92
11 95
11 98
12 99
13 2
13 5
13 8
13 11
13 14
13 17
13 20
13 23
13 26
13 29
13 32
13 35
13 38
13 41
13 44
13 47
13 50
13 53
13 56
13 59
13 62
13 65
13 68
13 71
13 74
13 77
13 80
13 83
13 86
13 89
13 92
13 95
13 98
14 99
15 2
15 5
15 8
15 11
15 14
15 17
15 20
15 23
15 26
15 29
15 32
15 35
15 38
15 41
15 44
15 47
15 50
15 53
15 56
15 59
15 62
15 65
15 68
15 71
15 74
15 77
15 80
15 83
15 86
15 89
15 92
15 95
15 98
16 99
17 2
17 5
17 8
17 11
17 14
17 17
17 20
17 23
17 26
17 29
17 32
17 35
17 38
17 41
17 44
17 47
17 50
17 53
17 56
17 59
17 62
17 65
17 68
17 71
17 74
17 77
17 80
17 83
17 86
17 89
17 92
17 95
17 98
18 99
19 2
19 5
19 8
19 11
19 14
19 17
19 20
19 23
19 26
19 29
19 32
19 35
19 38
19 41
19 44
19 47
19 50
19 53
19 56
19 59
19 62
19 65
19 68
19 71
19 74
19 77
19 80
19 83
19 86
19 89
19 92
19 95
19 98
20 99
21 2
21 5
21 8
21 11
21 14
21 17
21 20
21 23
21 26
21 29
21 32
21 35
21 38
21 41
21 44
21 47
21 50
21 53
21 56
21 59
21 62
21 65
21 68
21 71
21 74
21 77
21 80
21 83
21 86
21 89
21 92
21 95
21 98
22 99
23 2
23 5
23 8
23 11
23 14
23 17
23 20
23 23
23 26
23 29
23 32
23 35
23 38
23 41
23 44
23 47
23 50
23 53
23 56
23 59
23 62
23 65
23 68
23 71
23 74
23 77
23 80
23 83
23 86
23 89
23 92
23 95
23 98
24 99
25 2
25 5
25 8
25 11
25 14
25 17
25 20
25 23
25 26
25 29
25 32
25 35
25 38
25 41
25 44
25 47
25 50
25 53
25 56
25 59
25 62
25 65
25 68
25 71
25 74
25 77
25 80
25 83
25 86
25 89
25 92
25 95
25 98
26 99
27 2
27 5
27 8
27 11
27 14
27 17
27 20
27 23
27 26
27 29
27 32
27 35
27 38
27 41
27 44
27 47
27 50
27 53
27 56
27 59
27 62
27 65
27 68
27 71
27 74
27 77
27 80
27 83
27 86
27 89
27 92
27 95
27 98
28 99
29 2
29 5
29 8
29 11
29 14
29 17
29 20
29 23
29 26
29 29
29 32
29 35
29 38
29 41
29 44
29 47
29 50
29 53
29 56
29 59
29 62
29 65
29 68
29 71
29 74
29 77
29 80
29 83
29 86
29 89
29 92
29 95
29 98
30 99
31 2
31 5
31 8
31 11
31 14
31 17
31 20
31 23
31 26
31 29
31 32
31 35
31 38
31 41
31 44
31 47
31 50
31 53
31 56
31 59
31 62
31 65
31 68
31 71
31 74
31 77
31 80
31 83
31 86
31 89
31 92
31 95
31 98
32 99
33 2
33 5
33 8
33 11
33 14
33 17
33 20
33 23
33 26
33 29
33 32
33 35
33 38
33 41
33 44
33 47
33 50
33 53
33 56
33 59
33 62
33 65
33 68
33 71
33 74
33 77
33 80
33 83
33 86
33 89
33 92
33 95
33 98
34 99
35 2
35 5
35 8
35 11
35 14
35 17
35 20
35 23
35 26
35 29
35 32
35 35
35 38
35 41
35 44
35 47
35 50
35 53
35 56
35 59
35 62
35 65
35 68
35 71
35 74
35 77
35 80
35 83
35 86
35 89
35 92
35 95
35 98
36 99
37 2
37 5
37 8
37 11
37 14
37 17
37 20
37 23
37 26
37 29
37 32
37 35
37 38
37 41
37 44
37 47
37 50
37 53
37 56
37 59
37 62
37 65
37 68
37 71
37 74
37 77
37 80
37 83
37 86
37 89
37 92
37 95
37 98
38 99
39 2
39 5
39 8
39 11
39 14
39 17
39 20
39 23
39 26
39 29
39 32
39 35
39 38
39 41
39 44
39 47
39 50
39 53
39 56
39 59
39 62
39 65
39 68
39 71
39 74
39 77
39 80
39 83
39 86
39 89
39 92
39 95
39 98
40 99
41 2
41 5
41 8
41 11
41 14
41 17
41 20
41 23
41 26
41 29
41 32
41 35
41 38
41 41
41 44
41 47
41 50
41 53
41 56
41 59
41 62
41 65
41 68
41 71
41 74
41 77
41 80
41 83
41 86
41 89
41 92
41 95
41 98
42 99
43 2
43 5
43 8
43 11
43 14
43 17
43 20
43 23
43 26
43 29
43 32
43 35
43 38
43 41
43 44
43 47
43 50
43 53
43 56
43 59
43 62
43 65
43 68
43 71
43 74
43 77
43 80
43 83
43 86
43 89
43 92
43 95
43 98
44 99
45 2
45 5
45 8
45 11
45 14
45 17
45 20
45 23
45 26
45 29
45 32
45 35
45 38
45 41
45 44
45 47
45 50
45 53
45 56
45 59
45 62
45 65
45 68
45 71
45 74
45 77
45 80
45 83
45 86
45 89
45 92
45 95
45 98
46 99
47 2
47 5
47 8
47 11
47 14
47 17
47 20
47 23
47 26
47 29
47 32
47 35
47 38
47 41
47 44
47 47
47 50
47 53
47 56
47 59
47 62
47 65
47 68
47 71
47 74
47 77
47 80
47 83
47 86
47 89
47 92
47 95
47 98
48 99
49 2
49 5
49 8
49 11
49 14
49 17
49 20
49 23
49 26
49 29
49 32
49 35
49 38
49 41
49 44
49 47
49 50
49 53
49 56
49 59
49 62
49 65
49 68
49 71
49 74
49 77
49 80
49 83
49 86
49 89
49 92
49 95
49 98
50 99
51 2
51 5
51 8
51 11
51 14
51 17
51 20
51 23
51 26
51 29
51 32
51 35
51 38
51 41
51 44
51 47
51 50
51 53
51 56
51 59
51 62
51 65
51 68
51 71
51 74
51 77
51 80
51 83
51 86
51 89
51 92
51 95
51 98
52 99
53 2
53 5
53 8
53 11
53 14
53 17
53 20
53 23
53 26
53 29
53 32
53 35
53 38
53 41
53 44
53 47
53 50
53 53
53 56
53 59
53 62
53 65
53 68
53 71
53 74
53 77
53 80
53 83
53 86
53 89
53 92
53 95
53 98
54 99
55 2
55 5
55 8
55 11
55 14
55 17
55 20
55 23
55 26
55 29
55 32
55 35
55 38
55 41
55 44
55 47
55 50
55 53
55 56
55 59
55 62
55 65
55 68
55 71
55 74
55 77
55 80
55 83
55 86
55 89
55 92
55 95
55 98
56 99
57 2
57 5
57 8
57 11
57 14
57 17
57 20
57 23
57 26
57 29
57 32
57 35
57 38
57 41
57 44
57 47
57 50
57 53
57 56
57 59
57 62
57 65
57 68
57 71
57 74
57 77
57 80
57 83
57 86
57 89
57 92
57 95
57 98
58 99
59 2
59 5
59 8
59 11
59 14
59 17
59 20
59 23
59 26
59 29
59 32
59 35
59 38
59 41
59 44
59 47
59 50
59 53
59 56
59 59
59 62
59 65
59 68
59 71
59 74
59 77
59 80
59 83
59 86
59 89
59 92
59 95
59 98
60 99
61 2
61 5
61 8
61 11
61 14
61 17
61 20
61 23
61 26
61 29
61 32
61 35
61 38
61 41
61 44
61 47
61 50
61 53
61 56
61 59
61 62
61 65
61 68
61 71
61 74
61 77
61 80
61 83
61 86
61 89
61 92
61 95
61 98
62 99
63 2
63 5
63 8
63 11
63 14
63 17
63 20
63 23
63 26
63 29
63 32
63 35
63 38
63 41
63 44
63 47
63 50
63 53
63 56
63 59
63 62
63 65
63 68
63 71
63 74
63 77
63 80
63 83
63 86
63 89
63 92
63 95
63 98
64 99
65 2
65 5
65 8
65 11
65 14
65 17
65 20
65 23
65 26
65 29
65 32
65 35
65 38
65 41
65 44
65 47
65 50
65 53
65 56
65 59
65 62
65 65
65 68
65 71
65 74
65 77
65 80
65 83
65 86
65 89
65 92
65 95
65 98
66 99
67 2
67 5
67 8
67 11
67 14
67 17
67 20
67 23
67 26
67 29
67 32
67 35
67 38
67 41
67 44
67 47
67 50
67 53
67 56
67 59
67 62
67 65
67 68
67 71
67 74
67 77
67 80
67 83
67 86
67 89
67 92
67 95
67 98
68 99
69 2
69 5
69 8
69 11
69 14
69 17
69 20
69 23
69 26
69 29
69 32
69 35
69 38
69 41
69 44
69 47
69 50
69 53
69 56
69 59
69 62
69 65
69 68
69 71
69 74
69 77
69 80
69 83
69 86
69 89
69 92
69 95
69 98
70 99
71 2
71 5
71 8
71 11
71 14
71 17
71 20
71 23
71 26
71 29
71 32
71 35
71 38
71 41
71 44
71 47
71 50
71 53
71 56
71 59
71 62
71 65
71 68
71 71
71 74
71 77
71 80
71 83
71 86
71 89
71 92
71 95
71 98
72 99
73 2
73 5
73 8
73 11
73 14
73 17
73 20
73 23
73 26
73 29
73 32
73 35
73 38
73 41
73 44
73 47
73 50
73 53
73 56
73 59
73 62
73 65
73 68
73 71
73 74
73 77
73 80
73 83
73 86
73 89
73 92
73 95
73 98
74 99
75 2
75 5
75 8
75 11
75 14
75 17
75 20
75 23
75 26
75 29
75 32
75 35
75 38
75 41
75 44
75 47
75 50
75 53
75 56
75 59
75 62
75 65
75 68
75 71
75 74
75 77
75 80
75 83
75 86
75 89
75 92
75 95
75 98
76 99
77 2
77 5
77 8
77 11
77 14
77 17
77 20
77 23
77 26
77 29
77 32
77 35
77 38
77 41
77 44
77 47
77 50
77 53
77 56
77 59
77 62
77 65
77 68
77 71
77 74
77 77
77 80
77 83
77 86
77 89
77 92
77 95
77 98
78 99
79 2
79 5
79 8
79 11
79 14
79 17
79 20
79 23
79 26
79 29
79 32
79 35
79 38
79 41
79 44
79 47
79 50
79 53
79 56
79 59
79 62
79 65
79 68
79 71
79 74
79 77
79 80
79 83
79 86
79 89
79 92
79 95
79 98
80 99
81 2
81 5
81 8
81 11
81 14
81 17
81 20
81 23
81 26
81 29
81 32
81 35
81 38
81 41
81 44
81 47
81 50
81 53
81 56
81 59
81 62
81 65
81 68
81 71
81 74
81 77
81 80
81 83
81 86
81 89
81 92
81 95
81 98
82 99
83 2
83 5
83 8
83 11
83 14
83 17
83 20
83 23
83 26
83 29
83 32
83 35
83 38
83 41
83 44
83 47
83 50
83 53
83 56
83 59
83 62
83 65
83 68
83 71
83 74
83 77
83 80
83 83
83 86
83 89
83 92
83 95
83 98
84 99
85 2
85 5
85 8
85 11
85 14
85 17
85 20
85 23
85 26
85 29
85 32
85 35
85 38
85 41
85 44
85 47
85 50
85 53
85 56
85 59
85 62
85 65
85 68
85 71
85 74
85 77
85 80
85 83
85 86
85 89
85 92
85 95
85 98
86 99
87 2
87 5
87 8
87 11
87 14
87 17
87 20
87 23
87 26
87 29
87 32
87 35
87 38
87 41
87 44
87 47
87 50
87 53
87 56
87 59
87 62
87 65
87 68
87 71
87 74
87 77
87 80
87 83
87 86
87 89
87 92
87 95
87 98
88 99
89 2
89 5
89 8
89 11
89 14
89 17
89 20
89 23
89 26
89 29
89 32
89 35
89 38
89 41
89 44
89 47
89 50
89 53
89 56
89 59
89 62
89 65
89 68
89 71
89 74
89 77
89 80
89 83
89 86
89 89
89 92
89 95
89 98
90 99
91 2
91 5
91 8
91 11
91 14
91 17
91 20
91 23
91 26
91 29
91 32
91 35
91 38
91 41
91 44
91 47
91 50
91 53
91 56
91 59
91 62
91 65
91 68
91 71
91 74
91 77
91 80
91 83
91 86
91 89
91 92
91 95
91 98
92 99
93 2
93 5
93 8
93 11
93 14
93 17
93 20
93 23
93 26
93 29
93 32
93 35
93 38
93 41
93 44
93 47
93 50
93 53
93 56
93 59
93 62
93 65
93 68
93 71
93 74
93 77
93 80
93 83
93 86
93 89
93 92
93 95
93 98
94 99
95 2
95 5
95 8
95 11
95 14
95 17
95 20
95 23
95 26
95 29
95 32
95 35
95 38
95 41
95 44
95 47
95 50
95 53
95 56
95 59
95 62
95 65
95 68
95 71
95 74
95 77
95 80
95 83
95 86
95 89
95 92
95 95
95 98
96 99
97 2
97 5
97 8
97 11
97 14
97 17
97 20
97 23
97 26
97 29
97 32
97 35
97 38
97 41
97 44
97 47
97 50
97 53
97 56
97 59
97 62
97 65
97 68
97 71
97 74
97 77
97 80
97 83
97 86
97 89
97 92
97 95
97 98
98 99
99 2
99 5
99 8
99 11
99 14
99 17
99 20
99 23
99 26
99 29
99 32
99 35
99 38
99 41
99 44
99 47
99 50
99 53
99 56
99 59
99 62
99 65
99 68
99 71
99 74
99 77
99 80
99 83
99 86
99 89
99 92
99 95
99 98
